'A1'	0	0	88
'A2'	14	0	86
'A3'	28	0	83
'A4'	41	0	78
'A5'	52	0	70
'A6'	63	0	61
'A7'	61	-16	61
'A8'	69	-19	50
'A9'	77	-16	38
'A10'	82	-17	25
'A11'	85	-17	11
'A12'	86	-17	-3
'A13'	84	-17	-17
'A14'	80	-17	-31
'A15'	74	-16	-43
'A16'	76	0	-43
'A17'	82	0	-31
'A18'	86	0	-17
'A19'	87	0	-3
'A20'	87	0	11
'A21'	84	0	25
'A22'	79	0	38
'A23'	72	0	50
'A24'	61	16	61
'A25'	69	19	50
'A26'	77	16	38
'A27'	82	17	25
'A28'	85	17	11
'A29'	86	17	-3
'A30'	84	17	-17
'A31'	80	17	-31
'A32'	74	16	-43
'B1'	22	16	83
'B2'	37	16	78
'B3'	42	31	70
'B4'	55	31	61
'B5'	62	36	50
'B6'	72	32	38
'B7'	77	34	25
'B8'	80	33	11
'B9'	81	33	-3
'B10'	79	33	-17
'B11'	75	33	-31
'B12'	70	31	-43
'B13'	66	48	-31
'B14'	71	48	-17
'B15'	73	49	-3
'B16'	72	48	11
'B17'	68	49	25
'B18'	64	46	38
'B19'	51	51	50
'B20'	45	45	61
'B21'	27	30	78
'B22'	31	42	70
'B23'	31	55	61
'B24'	36	62	50
'B25'	53	59	38
'B26'	56	62	25
'B27'	61	61	11
'B28'	62	62	-3
'B29'	61	61	-17
'B30'	55	61	-31
'B31'	41	71	-31
'B32'	48	71	-17
'C1'	4	13	86
'C2'	9	26	83
'C3'	13	39	78
'C4'	16	50	70
'C5'	16	61	61
'C6'	19	69	50
'C7'	24	75	38
'C8'	39	68	38
'C9'	42	73	25
'C10'	48	72	11
'C11'	49	73	-3
'C12'	33	79	-17
'C13'	33	81	-3
'C14'	33	80	11
'C15'	26	80	25
'C16'	17	85	11
'C17'	17	86	-3
'C18'	0	87	-3
'C19'	0	87	11
'C20'	9	84	25
'C21'	8	79	38
'C22'	0	72	50
'C23'	0	63	61
'C24'	0	52	70
'C25'	-4	40	78
'C26'	-16	50	70
'C27'	-16	61	61
'C28'	-19	69	50
'C29'	-8	79	38
'C30'	-9	84	25
'C31'	-17	85	11
'C32'	-17	86	-3
'D1'	-11	8	86
'D2'	-9	26	83
'D3'	-20	35	78
'D4'	-31	42	70
'D5'	-31	55	61
'D6'	-24	75	38
'D7'	-26	80	25
'D8'	-33	80	11
'D9'	-33	81	-3
'D10'	-33	79	-17
'D11'	-48	71	-17
'D12'	-49	73	-3
'D13'	-48	72	11
'D14'	-42	73	25
'D15'	-39	68	38
'D16'	-36	62	50
'D17'	-45	45	61
'D18'	-51	51	50
'D19'	-53	59	38
'D20'	-56	62	25
'D21'	-61	61	11
'D22'	-62	62	-3
'D23'	-61	61	-17
'D24'	-73	49	-3
'D25'	-72	48	11
'D26'	-68	49	25
'D27'	-64	46	38
'D28'	-62	36	50
'D29'	-72	32	38
'D30'	-77	34	25
'D31'	-80	33	11
'D32'	-81	33	-3
'E1'	-28	0	83
'E2'	-22	16	83
'E3'	-33	24	78
'E4'	-42	31	70
'E5'	-55	31	61
'E6'	-61	16	61
'E7'	-69	19	50
'E8'	-77	16	38
'E9'	-82	17	25
'E10'	-85	17	11
'E11'	-86	17	-3
'E12'	-87	0	-3
'E13'	-87	0	11
'E14'	-84	0	25
'E15'	-79	0	38
'E16'	-72	0	50
'E17'	-63	0	61
'E18'	-52	0	70
'E19'	-50	16	70
'E20'	-40	8	78
'E21'	-40	-8	78
'E22'	-50	-16	70
'E23'	-61	-16	61
'E24'	-69	-19	50
'E25'	-77	-16	38
'E26'	-82	-17	25
'E27'	-85	-17	11
'E28'	-86	-17	-3
'E29'	-81	-33	-3
'E30'	-80	-33	11
'E31'	-77	-34	25
'E32'	-72	-32	38
'F1'	-11	-8	86
'F2'	-22	-16	83
'F3'	-33	-24	78
'F4'	-42	-31	70
'F5'	-55	-31	61
'F6'	-62	-36	50
'F7'	-64	-46	38
'F8'	-68	-49	25
'F9'	-72	-48	11
'F10'	-73	-49	-3
'F11'	-61	-61	-17
'F12'	-62	-62	-3
'F13'	-61	-61	11
'F14'	-56	-62	25
'F15'	-53	-59	38
'F16'	-51	-51	50
'F17'	-45	-45	61
'F18'	-31	-42	70
'F19'	-20	-35	78
'F20'	-9	-26	83
'F21'	-4	-40	78
'F22'	-16	-50	70
'F23'	-31	-55	61
'F24'	-36	-62	50
'F25'	-39	-68	38
'F26'	-42	-73	25
'F27'	-48	-72	11
'F28'	-49	-73	-3
'F29'	-48	-71	-17
'F30'	-33	-79	-17
'F31'	-33	-81	-3
'F32'	-33	-80	11
'G1'	4	-13	86
'G2'	9	-26	83
'G3'	13	-39	78
'G4'	0	-52	70
'G5'	-16	-61	61
'G6'	-19	-69	50
'G7'	-24	-75	38
'G8'	-26	-80	25
'G9'	-17	-85	11
'G10'	-17	-86	-3
'G11'	0	-87	-3
'G12'	0	-87	11
'G13'	-9	-84	25
'G14'	-8	-79	38
'G15'	0	-72	50
'G16'	0	-63	61
'G17'	19	-69	50
'G18'	8	-79	38
'G19'	9	-84	25
'G20'	17	-85	11
'G21'	17	-86	-3
'G22'	33	-79	-17
'G23'	33	-81	-3
'G24'	33	-80	11
'G25'	26	-80	25
'G26'	24	-75	38
'G27'	39	-68	38
'G28'	42	-73	25
'G29'	48	-72	11
'G30'	49	-73	-3
'G31'	48	-71	-17
'G32'	41	-71	-31
'H1'	22	-16	83
'H2'	27	-30	78
'H3'	31	-42	70
'H4'	16	-50	70
'H5'	16	-61	61
'H6'	31	-55	61
'H7'	36	-62	50
'H8'	53	-59	38
'H9'	56	-62	25
'H10'	61	-61	11
'H11'	62	-62	-3
'H12'	61	-61	-17
'H13'	55	-61	-31
'H14'	66	-48	-31
'H15'	71	-48	-17
'H16'	73	-49	-3
'H17'	72	-48	11
'H18'	68	-49	25
'H19'	64	-46	38
'H20'	51	-51	50
'H21'	45	-45	61
'H22'	42	-31	70
'H23'	37	-16	78
'H24'	55	-31	61
'H25'	62	-36	50
'H26'	72	-32	38
'H27'	77	-34	25
'H28'	80	-33	11
'H29'	81	-33	-3
'H30'	79	-33	-17
'H31'	75	-33	-31
'H32'	70	-31	-43
