'A1'	0	0	88
'A2'	17	0	86
'A3'	34	0	81
'A4'	50	0	72
'A5'	58	-24	61
'A6'	45	-45	61
'A7'	52	-52	47
'A8'	66	-48	31
'A9'	70	-51	14
'A10'	71	-51	-3
'A11'	69	-50	-20
'A12'	64	-47	-37
'A13'	75	-25	-37
'A14'	81	-26	-20
'A15'	83	-27	-3
'A16'	82	-27	14
'A17'	78	-25	31
'A18'	68	-28	47
'A19'	63	0	61
'A20'	74	0	47
'A21'	82	0	31
'A22'	86	0	14
'A23'	87	0	-3
'A24'	85	0	-20
'A25'	79	0	-37
'A26'	75	25	-37
'A27'	81	26	-20
'A28'	83	27	-3
'A29'	82	27	14
'A30'	78	25	31
'A31'	68	28	47
'A32'	58	24	61
'B1'	5	17	86
'B2'	24	24	81
'B3'	45	45	61
'B4'	52	52	47
'B5'	66	48	31
'B6'	70	51	14
'B7'	71	51	-3
'B8'	69	50	-20
'B9'	64	47	-37
'B10'	50	69	-20
'B11'	51	71	-3
'B12'	51	70	14
'B13'	48	66	31
'B14'	27	83	-3
'B15'	27	82	14
'B16'	25	78	31
'B17'	28	68	47
'B18'	24	58	61
'B19'	25	43	72
'B20'	0	34	81
'B21'	0	50	72
'B22'	0	63	61
'B23'	0	74	47
'B24'	0	82	31
'B25'	0	86	14
'B26'	0	87	-3
'B27'	-27	83	-3
'B28'	-27	82	14
'B29'	-25	78	31
'B30'	-28	68	47
'B31'	-24	58	61
'B32'	-25	43	72
'C1'	-14	10	86
'C2'	-24	24	81
'C3'	-45	45	61
'C4'	-52	52	47
'C5'	-48	66	31
'C6'	-51	70	14
'C7'	-51	71	-3
'C8'	-71	51	-3
'C9'	-70	51	14
'C10'	-66	48	31
'C11'	-43	25	72
'C12'	-58	24	61
'C13'	-68	28	47
'C14'	-78	25	31
'C15'	-82	27	14
'C16'	-83	27	-3
'C17'	-87	0	-3
'C18'	-86	0	14
'C19'	-82	0	31
'C20'	-74	0	47
'C21'	-63	0	61
'C22'	-50	0	72
'C23'	-34	0	81
'C24'	-43	-25	72
'C25'	-58	-24	61
'C26'	-68	-28	47
'C27'	-78	-25	31
'C28'	-82	-27	14
'C29'	-83	-27	-3
'C30'	-71	-51	-3
'C31'	-70	-51	14
'C32'	-66	-48	31
'D1'	-14	-10	86
'D2'	-24	-24	81
'D3'	-45	-45	61
'D4'	-52	-52	47
'D5'	-48	-66	31
'D6'	-51	-70	14
'D7'	-51	-71	-3
'D8'	-27	-83	-3
'D9'	-27	-82	14
'D10'	-25	-78	31
'D11'	-28	-68	47
'D12'	-24	-58	61
'D13'	-25	-43	72
'D14'	0	-34	81
'D15'	5	-17	86
'D16'	24	-24	81
'D17'	25	-43	72
'D18'	0	-50	72
'D19'	0	-63	61
'D20'	0	-74	47
'D21'	0	-82	31
'D22'	0	-86	14
'D23'	0	-87	-3
'D24'	27	-83	-3
'D25'	27	-82	14
'D26'	25	-78	31
'D27'	28	-68	47
'D28'	24	-58	61
'D29'	48	-66	31
'D30'	51	-70	14
'D31'	51	-71	-3
'D32'	50	-69	-20
