-0.022350
0.001200
0.001167
0.001137
0.001106
0.001078
0.001048
0.001022
0.000993
0.000968
0.000941
0.000918
0.000892
0.000870
0.000845
0.000825
0.000801
0.000781
0.000758
0.000741
0.000718
0.000702
0.000680
0.000665
0.000644
0.000630
0.000609
0.000597
0.000575
0.000567
0.000541
0.000544
0.000499
0.000491
0.000515
0.000480
0.000467
0.000442
0.000431
0.000414
0.000406
0.000393
0.000386
0.000374
0.000366
0.000354
0.000345
0.000332
0.000323
0.000310
0.000300
0.000287
0.000278
0.000266
0.000256
0.000245
0.000236
0.000226
0.000217
0.000207
0.000200
0.000190
0.000182
0.000173
0.000168
0.000150
0.000155
0.000144
0.000132
0.000121
0.000114
0.000106
0.000100
0.000091
0.000084
0.000074
0.000066
0.000056
0.000048
0.000038
0.000030
0.000022
0.000014
0.000006
-0.000001
-0.000009
-0.000016
-0.000025
-0.000032
-0.000041
-0.000048
-0.000057
-0.000064
-0.000073
-0.000079
-0.000089
-0.000094
-0.000105
-0.000111
-0.000115
-0.000125
-0.000133
-0.000141
-0.000147
-0.000154
-0.000161
-0.000169
-0.000177
-0.000185
-0.000193
-0.000201
-0.000208
-0.000215
-0.000223
-0.000230
-0.000238
-0.000245
-0.000253
-0.000260
-0.000268
-0.000275
-0.000282
-0.000289
-0.000296
-0.000302
-0.000309
-0.000315
-0.000322
-0.000328
-0.000334
-0.000343
-0.000346
-0.000353
-0.000360
-0.000366
-0.000372
-0.000377
-0.000383
-0.000388
-0.000394
-0.000400
-0.000405
-0.000410
-0.000414
-0.000419
-0.000423
-0.000428
-0.000433
-0.000437
-0.000441
-0.000445
-0.000449
-0.000453
-0.000456
-0.000459
-0.000463
-0.000466
-0.000469
-0.000471
-0.000474
-0.000477
-0.000478
-0.000481
-0.000483
-0.000483
-0.000486
-0.000487
-0.000488
-0.000488
-0.000489
-0.000490
-0.000491
-0.000491
-0.000491
-0.000490
-0.000490
-0.000489
-0.000488
-0.000487
-0.000486
-0.000484
-0.000482
-0.000479
-0.000477
-0.000474
-0.000471
-0.000467
-0.000464
-0.000460
-0.000456
-0.000452
-0.000447
-0.000442
-0.000438
-0.000432
-0.000427
-0.000420
-0.000415
-0.000409
-0.000402
-0.000395
-0.000388
-0.000381
-0.000374
-0.000366
-0.000358
-0.000350
-0.000341
-0.000332
-0.000324
-0.000315
-0.000305
-0.000296
-0.000286
-0.000276
-0.000265
-0.000255
-0.000244
-0.000233
-0.000222
-0.000210
-0.000199
-0.000187
-0.000175
-0.000162
-0.000150
-0.000136
-0.000124
-0.000111
-0.000097
-0.000084
-0.000070
-0.000056
-0.000042
-0.000028
-0.000014
0.000001
0.000016
0.000031
0.000046
0.000061
0.000076
0.000092
0.000107
0.000123
0.000139
0.000156
0.000172
0.000188
0.000204
0.000221
0.000237
0.000254
0.000270
0.000287
0.000304
0.000321
0.000338
0.000355
0.000372
0.000388
0.000406
0.000423
0.000439
0.000457
0.000474
0.000491
0.000508
0.000525
0.000542
0.000559
0.000575
0.000592
0.000608
0.000625
0.000642
0.000658
0.000675
0.000691
0.000707
0.000723
0.000739
0.000754
0.000770
0.000785
0.000800
0.000815
0.000830
0.000845
0.000859
0.000873
0.000887
0.000900
0.000914
0.000927
0.000939
0.000952
0.000964
0.000977
0.000988
0.000999
0.001010
0.001021
0.001032
0.001042
0.001052
0.001061
0.001070
0.001079
0.001088
0.001095
0.001103
0.001110
0.001117
0.001123
0.001129
0.001135
0.001140
0.001144
0.001149
0.001152
0.001155
0.001158
0.001161
0.001163
0.001164
0.001165
0.001165
0.001165
0.001164
0.001163
0.001161
0.001159
0.001156
0.001153
0.001149
0.001145
0.001140
0.001134
0.001128
0.001121
0.001114
0.001106
0.001097
0.001088
0.001078
0.001068
0.001057
0.001046
0.001034
0.001021
0.001007
0.000993
0.000978
0.000963
0.000947
0.000931
0.000913
0.000896
0.000877
0.000858
0.000838
0.000818
0.000797
0.000775
0.000753
0.000730
0.000706
0.000682
0.000657
0.000632
0.000605
0.000579
0.000551
0.000523
0.000494
0.000465
0.000435
0.000405
0.000373
0.000342
0.000309
0.000276
0.000242
0.000208
0.000173
0.000137
0.000101
0.000065
0.000027
-0.000011
-0.000049
-0.000088
-0.000128
-0.000168
-0.000209
-0.000250
-0.000292
-0.000334
-0.000377
-0.000420
-0.000464
-0.000508
-0.000553
-0.000598
-0.000644
-0.000690
-0.000737
-0.000784
-0.000832
-0.000880
-0.000929
-0.000978
-0.001027
-0.001077
-0.001127
-0.001178
-0.001229
-0.001280
-0.001331
-0.001383
-0.001436
-0.001488
-0.001541
-0.001594
-0.001648
-0.001702
-0.001756
-0.001810
-0.001865
-0.001919
-0.001974
-0.002029
-0.002085
-0.002140
-0.002196
-0.002252
-0.002308
-0.002364
-0.002420
-0.002477
-0.002533
-0.002590
-0.002646
-0.002703
-0.002760
-0.002816
-0.002873
-0.002930
-0.002986
-0.003043
-0.003100
-0.003156
-0.003213
-0.003269
-0.003326
-0.003381
-0.003438
-0.003493
-0.003549
-0.003604
-0.003660
-0.003715
-0.003770
-0.003825
-0.003879
-0.003934
-0.003988
-0.004041
-0.004095
-0.004148
-0.004201
-0.004253
-0.004306
-0.004357
-0.004409
-0.004460
-0.004511
-0.004561
-0.004611
-0.004660
-0.004709
-0.004757
-0.004806
-0.004853
-0.004900
-0.004947
-0.004993
-0.005038
-0.005083
-0.005127
-0.005171
-0.005214
-0.005257
-0.005299
-0.005341
-0.005381
-0.005421
-0.005461
-0.005500
-0.005538
-0.005575
-0.005612
-0.005648
-0.005684
-0.005718
-0.005752
-0.005785
-0.005818
-0.005850
-0.005880
-0.005911
-0.005940
-0.005969
-0.005996
-0.006023
-0.006049
-0.006075
-0.006099
-0.006123
-0.006146
-0.006168
-0.006189
-0.006209
-0.006228
-0.006247
-0.006265
-0.006281
-0.006297
-0.006312
-0.006326
-0.006340
-0.006352
-0.006364
-0.006374
-0.006384
-0.006392
-0.006400
-0.006407
-0.006413
-0.006418
-0.006422
-0.006426
-0.006428
-0.006429
0.993570
-0.006429
-0.006428
-0.006426
-0.006422
-0.006418
-0.006413
-0.006407
-0.006400
-0.006392
-0.006384
-0.006374
-0.006364
-0.006352
-0.006340
-0.006326
-0.006312
-0.006297
-0.006281
-0.006265
-0.006247
-0.006228
-0.006209
-0.006189
-0.006168
-0.006146
-0.006123
-0.006099
-0.006075
-0.006049
-0.006023
-0.005996
-0.005969
-0.005940
-0.005911
-0.005880
-0.005850
-0.005818
-0.005785
-0.005752
-0.005718
-0.005684
-0.005648
-0.005612
-0.005575
-0.005538
-0.005500
-0.005461
-0.005421
-0.005381
-0.005341
-0.005299
-0.005257
-0.005214
-0.005171
-0.005127
-0.005083
-0.005038
-0.004993
-0.004947
-0.004900
-0.004853
-0.004806
-0.004757
-0.004709
-0.004660
-0.004611
-0.004561
-0.004511
-0.004460
-0.004409
-0.004357
-0.004306
-0.004253
-0.004201
-0.004148
-0.004095
-0.004041
-0.003988
-0.003934
-0.003879
-0.003825
-0.003770
-0.003715
-0.003660
-0.003604
-0.003549
-0.003493
-0.003438
-0.003381
-0.003326
-0.003269
-0.003213
-0.003156
-0.003100
-0.003043
-0.002986
-0.002930
-0.002873
-0.002816
-0.002760
-0.002703
-0.002646
-0.002590
-0.002533
-0.002477
-0.002420
-0.002364
-0.002308
-0.002252
-0.002196
-0.002140
-0.002085
-0.002029
-0.001974
-0.001919
-0.001865
-0.001810
-0.001756
-0.001702
-0.001648
-0.001594
-0.001541
-0.001488
-0.001436
-0.001383
-0.001331
-0.001280
-0.001229
-0.001178
-0.001127
-0.001077
-0.001027
-0.000978
-0.000929
-0.000880
-0.000832
-0.000784
-0.000737
-0.000690
-0.000644
-0.000598
-0.000553
-0.000508
-0.000464
-0.000420
-0.000377
-0.000334
-0.000292
-0.000250
-0.000209
-0.000168
-0.000128
-0.000088
-0.000049
-0.000011
0.000027
0.000065
0.000101
0.000137
0.000173
0.000208
0.000242
0.000276
0.000309
0.000342
0.000373
0.000405
0.000435
0.000465
0.000494
0.000523
0.000551
0.000579
0.000605
0.000632
0.000657
0.000682
0.000706
0.000730
0.000753
0.000775
0.000797
0.000818
0.000838
0.000858
0.000877
0.000896
0.000913
0.000931
0.000947
0.000963
0.000978
0.000993
0.001007
0.001021
0.001034
0.001046
0.001057
0.001068
0.001078
0.001088
0.001097
0.001106
0.001114
0.001121
0.001128
0.001134
0.001140
0.001145
0.001149
0.001153
0.001156
0.001159
0.001161
0.001163
0.001164
0.001165
0.001165
0.001165
0.001164
0.001163
0.001161
0.001158
0.001155
0.001152
0.001149
0.001144
0.001140
0.001135
0.001129
0.001123
0.001117
0.001110
0.001103
0.001095
0.001088
0.001079
0.001070
0.001061
0.001052
0.001042
0.001032
0.001021
0.001010
0.000999
0.000988
0.000977
0.000964
0.000952
0.000939
0.000927
0.000914
0.000900
0.000887
0.000873
0.000859
0.000845
0.000830
0.000815
0.000800
0.000785
0.000770
0.000754
0.000739
0.000723
0.000707
0.000691
0.000675
0.000658
0.000642
0.000625
0.000608
0.000592
0.000575
0.000559
0.000542
0.000525
0.000508
0.000491
0.000474
0.000457
0.000439
0.000423
0.000406
0.000388
0.000372
0.000355
0.000338
0.000321
0.000304
0.000287
0.000270
0.000254
0.000237
0.000221
0.000204
0.000188
0.000172
0.000156
0.000139
0.000123
0.000107
0.000092
0.000076
0.000061
0.000046
0.000031
0.000016
0.000001
-0.000014
-0.000028
-0.000042
-0.000056
-0.000070
-0.000084
-0.000097
-0.000111
-0.000124
-0.000136
-0.000150
-0.000162
-0.000175
-0.000187
-0.000199
-0.000210
-0.000222
-0.000233
-0.000244
-0.000255
-0.000265
-0.000276
-0.000286
-0.000296
-0.000305
-0.000315
-0.000324
-0.000332
-0.000341
-0.000350
-0.000358
-0.000366
-0.000374
-0.000381
-0.000388
-0.000395
-0.000402
-0.000409
-0.000415
-0.000420
-0.000427
-0.000432
-0.000438
-0.000442
-0.000447
-0.000452
-0.000456
-0.000460
-0.000464
-0.000467
-0.000471
-0.000474
-0.000477
-0.000479
-0.000482
-0.000484
-0.000486
-0.000487
-0.000488
-0.000489
-0.000490
-0.000490
-0.000491
-0.000491
-0.000491
-0.000490
-0.000489
-0.000488
-0.000488
-0.000487
-0.000486
-0.000483
-0.000483
-0.000481
-0.000478
-0.000477
-0.000474
-0.000471
-0.000469
-0.000466
-0.000463
-0.000459
-0.000456
-0.000453
-0.000449
-0.000445
-0.000441
-0.000437
-0.000433
-0.000428
-0.000423
-0.000419
-0.000414
-0.000410
-0.000405
-0.000400
-0.000394
-0.000388
-0.000383
-0.000377
-0.000372
-0.000366
-0.000360
-0.000353
-0.000346
-0.000343
-0.000334
-0.000328
-0.000322
-0.000315
-0.000309
-0.000302
-0.000296
-0.000289
-0.000282
-0.000275
-0.000268
-0.000260
-0.000253
-0.000245
-0.000238
-0.000230
-0.000223
-0.000215
-0.000208
-0.000201
-0.000193
-0.000185
-0.000177
-0.000169
-0.000161
-0.000154
-0.000147
-0.000141
-0.000133
-0.000125
-0.000115
-0.000111
-0.000105
-0.000094
-0.000089
-0.000079
-0.000073
-0.000064
-0.000057
-0.000048
-0.000041
-0.000032
-0.000025
-0.000016
-0.000009
-0.000001
0.000006
0.000014
0.000022
0.000030
0.000038
0.000048
0.000056
0.000066
0.000074
0.000084
0.000091
0.000100
0.000106
0.000114
0.000121
0.000132
0.000144
0.000155
0.000150
0.000168
0.000173
0.000182
0.000190
0.000200
0.000207
0.000217
0.000226
0.000236
0.000245
0.000256
0.000266
0.000278
0.000287
0.000300
0.000310
0.000323
0.000332
0.000345
0.000354
0.000366
0.000374
0.000386
0.000393
0.000406
0.000414
0.000431
0.000442
0.000467
0.000480
0.000515
0.000491
0.000499
0.000544
0.000541
0.000567
0.000575
0.000597
0.000609
0.000630
0.000644
0.000665
0.000680
0.000702
0.000718
0.000741
0.000758
0.000781
0.000801
0.000825
0.000845
0.000870
0.000892
0.000918
0.000941
0.000968
0.000993
0.001022
0.001048
0.001078
0.001106
0.001137
0.001167
0.001200
-0.022350
