-0.000153
-0.000251
-0.000393
-0.000513
-0.000551
-0.000432
-0.000081
0.000555
0.001491
0.002685
0.004025
0.005337
0.006404
0.006998
0.006930
0.006092
0.004501
0.002319
-0.000158
-0.002534
-0.004379
-0.005315
-0.005101
-0.003703
-0.001325
0.001600
0.004477
0.006658
0.007578
0.006885
0.004550
0.000907
-0.003377
-0.007406
-0.010232
-0.011058
-0.009436
-0.005415
0.000412
0.006958
0.012826
0.016568
0.016997
0.013486
0.006180
-0.003910
-0.014990
-0.024724
-0.030601
-0.030390
-0.022574
-0.006702
0.016422
0.044764
0.075290
0.104388
0.128408
0.144228
0.149748
0.144228
0.128408
0.104388
0.075290
0.044764
0.016422
-0.006702
-0.022574
-0.030390
-0.030601
-0.024724
-0.014990
-0.003910
0.006180
0.013486
0.016997
0.016568
0.012826
0.006958
0.000412
-0.005415
-0.009436
-0.011058
-0.010232
-0.007406
-0.003377
0.000907
0.004550
0.006885
0.007578
0.006658
0.004477
0.001600
-0.001325
-0.003703
-0.005101
-0.005315
-0.004379
-0.002534
-0.000158
0.002319
0.004501
0.006092
0.006930
0.006998
0.006404
0.005337
0.004025
0.002685
0.001491
0.000555
-0.000081
-0.000432
-0.000551
-0.000513
-0.000393
-0.000251
-0.000153
